              precision    recall  f1-score   support

  background      1.000     1.000     1.000        14
        card      1.000     1.000     1.000         4
      custom      1.000     1.000     1.000         3
          d2      1.000     1.000     1.000        11
          d4      1.000     1.000     1.000         3
       eight      1.000     1.000     1.000        11
        five      1.000     1.000     1.000        10
        four      1.000     1.000     1.000        12
        nine      1.000     1.000     1.000        12
         one      1.000     1.000     1.000        12
           r      1.000     1.000     1.000        12
           s      1.000     1.000     1.000        12
       seven      1.000     1.000     1.000        12
     shuffle      1.000     1.000     1.000         3
         six      1.000     1.000     1.000        10
       three      1.000     1.000     1.000        12
         two      1.000     1.000     1.000        12
        zero      1.000     1.000     1.000        12

    accuracy                          1.000       177
   macro avg      1.000     1.000     1.000       177
weighted avg      1.000     1.000     1.000       177

