              precision    recall  f1-score   support

  background      0.212     1.000     0.350        14
        card      0.000     0.000     0.000         4
      custom      0.200     0.667     0.308         3
          d2      0.600     0.273     0.375        11
          d4      0.154     0.667     0.250         3
       eight      1.000     0.455     0.625        11
        five      1.000     0.400     0.571        10
        four      0.000     0.000     0.000        12
        nine      1.000     0.500     0.667        12
         one      1.000     0.250     0.400        12
           r      1.000     0.583     0.737        12
           s      0.833     0.833     0.833        12
       seven      0.000     0.000     0.000        12
     shuffle      0.176     1.000     0.300         3
         six      1.000     0.400     0.571        10
       three      1.000     0.417     0.588        12
         two      1.000     0.167     0.286        12
        zero      0.875     0.583     0.700        12

    accuracy                          0.435       177
   macro avg      0.614     0.455     0.420       177
weighted avg      0.693     0.435     0.454       177

