              precision    recall  f1-score   support

   backgound      0.187     1.000     0.315        14
  background      0.000     0.000     0.000         0
        card      0.000     0.000     0.000         4
      custom      0.000     0.000     0.000         3
          d2      1.000     0.091     0.167        11
          d4      1.000     0.667     0.800         3
       eight      1.000     0.273     0.429        11
        five      1.000     0.100     0.182        10
        four      1.000     0.500     0.667        12
        nine      0.667     0.167     0.267        12
         one      0.350     0.583     0.438        12
           r      1.000     0.500     0.667        12
           s      1.000     0.167     0.286        12
       seven      0.857     0.500     0.632        12
     shuffle      0.000     0.000     0.000         3
         six      0.571     0.400     0.471        10
       three      1.000     0.333     0.500        12
         two      0.833     0.417     0.556        12
        zero      1.000     0.333     0.500        12

    accuracy                          0.379       177
   macro avg      0.656     0.317     0.362       177
weighted avg      0.767     0.379     0.418       177

