              precision    recall  f1-score   support

  background      0.135     1.000     0.237        14
        card      1.000     0.250     0.400         4
      custom      0.000     0.000     0.000         3
          d2      1.000     0.091     0.167        11
          d4      1.000     0.667     0.800         3
       eight      1.000     0.273     0.429        11
        five      1.000     0.100     0.182        10
        four      0.857     0.500     0.632        12
        nine      0.667     0.167     0.267        12
         one      0.318     0.583     0.412        12
           r      1.000     0.417     0.588        12
           s      1.000     0.167     0.286        12
       seven      0.857     0.500     0.632        12
     shuffle      0.000     0.000     0.000         3
         six      0.571     0.400     0.471        10
       three      1.000     0.333     0.500        12
         two      0.800     0.333     0.471        12
        zero      1.000     0.250     0.400        12

    accuracy                          0.367       177
   macro avg      0.734     0.335     0.382       177
weighted avg      0.772     0.367     0.399       177

